-0.819878
5.08554
-15.0094
28.8955
-41.1991
44.7064
-32.3884
-1.4833
59.4219
-135.673
212.232
-261.863
257.043
-181.052
36.8536
150.759
-339.337
478.569
-526.525
465.38
-307.715
92.191
129.097
-305.998
401.907
-401.187
312.719
-166.376
1.52892
146.434
-252.66
302.246
-289.848
221.057
-112.037
-14.1318
132.773
-221.321
262.585
-249.508
187.397
-91.6974
-16.7918
118.114
-196.98
241.926
-244.168
198.737
-106.357
-24.4509
175.455
-318.639
421.266
-456.828
415.078
-304.016
144.89
32.7956
-193.298
299.608
-324.486
260.42
-121.674
-59.7681
239.138
-366.956
403.95
-335.144
173.762
43.6684
-264.426
428.48
-483.614
404.293
-203.801
-67.8945
338.011
-530.082
585.824
-485.27
254.636
41.5426
-317.551
490.355
-506.738
361.168
-95.9258
-214.02
483.887
-642.207
648.7
-503.393
245.513
57.4198
-326.674
491.232
-506.861
371.046
-125.048
-160.141
405.765
-546.328
547.579
-417.514
202.392
32.2978
-223.795
327.112
-323.982
225.925
-68.1683
-102.261
238.645
-305.448
285.458
-181.635
16.2721
172.179
-335.914
427.993
-416.101
295.806
-94.2869
-138.379
343.527
-468.566
481.341
-379.752
192.155
30.0611
-225.032
336.875
-333.218
215.69
-18.4034
-200.496
372.411
-439.682
377.225
-201.868
-34.9608
265.946
-427.146
472.761
-388.332
198.575
38.4823
-249.61
369.297
-359.796
221.111
9.01866
-262.074
455.833
-522.26
433.648
-212.445
-76.5373
345.37
-509.722
516.185
-358.907
80.0002
242.908
-517.185
660.722
-627.371
423.537
-107.555
-228.647
487.26
-593.832
521.075
-296.017
-13.11
319.797
-542.295
624.614
-551.479
349.429
-73.6641
-209.757
438.151
-562.941
558.967
-430.125
208.783
50.6905
-283.401
429.507
-451.585
347.322
-149.77
-84.8622
294.046
-424.046
441.862
-343.231
153.677
78.585
-293.507
431.402
-448.69
334.217
-115.875
-146.967
378.942
-508.15
488.758
-319.334
46.5737
249.482
-480.61
575.298
-499.794
270.114
52.0226
-377.069
612.84
-693.252
600.656
-368.436
64.4726
231.38
-446.712
532.197
-473.894
297.014
-56.0774
-182.169
353.739
-411.352
338.557
-155.535
-88.6273
330.281
-505.81
567.098
-495.993
309.916
-54.1757
-213.268
435.641
-567.45
582.459
-478.632
279.276
-30.8151
-204.906
366.002
-410.09
328.819
-150.272
-70.3629
266.546
-378.545
371.363
-245.728
36.1806
201.09
-404.001
519.907
-518.184
397.725
-187.366
-61.4572
287.452
-433.64
461.269
-361.822
161.087
87.9958
-319.095
469.814
-500.277
404.632
-210.459
-30.5497
256.359
-409.732
452.177
-373.914
195.995
34.9049
-255.186
397.723
-412.368
285.542
-47.549
-233.64
470.269
-582.822
528.087
-315.003
1.90688
323.816
-572.275
674.634
-603.456
383.453
-82.6375
-212.728
424.182
-498.909
422
-222.09
-37.1801
277.729
-429.362
448.547
-330.543
109.367
154.276
-388.814
527.096
-523.995
371.915
-104.175
-214.265
502.644
-684.447
709.463
-569.627
301.282
26.1914
-329.899
535.012
-594.078
498.831
-281.26
3.65029
260.56
-447.53
517.38
-460.709
299.2
-79.8902
-136.98
291.93
-340.16
265.75
-89.3406
-136.43
341.48
-459.61
450.299
-310.791
75.1193
196.029
-430.06
560.85
-549.24
396.67
-144.42
-139.509
379.4
-511.69
502.22
-355.87
115.041
151.951
-369.139
473.771
-434.318
259.592
3.50246
-281.587
493.323
-572.767
491.144
-266.946
-41.0353
352.875
-588.215
683.695
-609.394
381.516
-61.5729
-261.662
499.249
-588.841
514.069
-308.021
38.8898
214.801
-388.289
444.622
-378.468
214.443
-0.646499
-202.736
338.174
-365.915
274.996
-87.0931
-149.182
371.729
-519.361
545.549
-432.54
200.371
96.2818
-381.808
578.103
-625.986
504.925
-242.164
-92.2535
402.658
-595.431
611.479
-448.61
161.301
160.212
-419.877
544.034
-502.055
314.856
-47.233
-213.322
382.589
-403.5
263.412
0.322714
-308.766
563.145
-676.944
606.967
-368.122
25.7888
327.7
-599.388
717.523
-649.566
413.345
-72.744
-281.833
557.079
-680.01
620.901
-405.187
103.724
193.636
-406.453
483.458
-412.63
222.281
28.1922
-265.896
425.016
-465.073
381.838
-207.25
-2.33843
185.573
-293.516
299.396
-203.693
34.2194
161.131
-324.958
402.953
-360.135
194.777
57.6886
-331.4
545.512
-627.577
539.335
-293.753
-46.8411
392.07
-652.018
760.893
-692.194
463.718
-132.371
-219.459
504.452
-653.636
635.276
-462.812
189.1
110.011
-356.076
487.836
-478.252
341.659
-124.429
-113.517
313.396
-427.692
431.22
-328.868
152.044
53.9557
-242.132
371.78
-416.308
370.604
-251.484
90.4286
75.3408
-209.747
284.165
-283.923
210.99
-81.0982
-80.1862
239.726
-360.362
408.551
-364.537
230.376
-31.7124
-186.8
371.112
-471.975
459.937
-334.151
121.761
128.674
-355.413
496.499
-509.589
387.324
-157.764
-125.852
398.061
-595.026
669.886
-606.201
423.711
-172.376
-84.4638
288.449
-397.639
393.274
-283.813
102.1
104.012
-282.075
385.838
-388.249
290.663
-120.424
-80.5116
266.401
-394.686
434.227
-374.86
231.052
-39.0348
-149.122
277.791
-306.296
223.617
-53.4703
-149.558
314.355
-376.732
302.181
-98.906
-181.993
459.92
-649.167
686.746
-554.341
285.572
45.4853
-348.601
544.311
-585.776
469.138
-230.949
-64.036
341.877
-538.21
609.704
-541.383
352.53
-93.5571
-168.644
367.269
-449.818
393.096
-213.99
-34.0765
278.836
-450.251
497.663
-402.424
183.489
106.402
-392.684
598.23
-665.857
575.056
-347.031
36.8833
282.796
-538.291
669.623
-646.463
478.451
-211.636
-85.7223
339.191
-484.896
487.017
-348.069
106.845
171.759
-411.328
544.585
-535.501
389.413
-147.673
-124.759
354.154
-476.932
459.982
-311.104
72.8094
192.723
-417.363
540.551
-526.535
378.379
-137.708
-129.794
353.12
-472.966
456.948
-309.138
68.7758
200.69
-427.396
549.518
-533.568
385.345
-148.74
-106.827
306.088
-389.998
334.916
-160.17
-80.2565
315.658
-477.428
515.487
-411.599
185.315
111.229
-405.857
622.057
-699.028
611.886
-381.2
67.7134
244.628
-472.457
556.457
-477.629
262.286
25.2002
-298.886
474.028
-494.058
351.857
-91.2283
-211.314
470.6
-615.486
609.429
-460.657
215.258
59.1721
-289.913
416.002
-406.084
268.831
-49.2551
-184.34
358.574
-417.511
340.404
-145.682
-115.767
371.147
-541.938
568.977
-435.109
171.806
149.721
-438.364
610.55
-616.535
455.38
-173.706
-149.791
426.124
-577.961
559.954
-373.132
66.7827
274.698
-556.387
700.528
-667.558
465.358
-146.727
-205.812
504.102
-676.983
686.932
-540.152
284.763
4.67742
-248.408
381.507
-370.578
222.337
19.2522
-284.832
498.083
-598.002
556.913
-386.172
129.743
148.658
-381.427
514.489
-521.596
410.319
-217.765
-2.85031
198.065
-325.02
357.895
-293.19
150.726
32.6416
-211.443
339.473
-381.612
326.303
-188.782
3.13299
189.049
-345.036
425.88
-407.204
289.711
-100.373
-114.459
299.457
-403.627
396.289
-277.796
77.1194
159.035
-376.049
519.866
-550.218
455.698
-259.386
11.5287
224.444
-387.639
436.277
-360.808
185.107
44.023
-269.061
432.855
-492.229
430.686
-264.398
38.5175
187.433
-357.65
433.266
-400.818
274.097
-87.9876
-110.071
269.845
-352.239
341.676
-248.408
101.508
61.4249
-202.659
289.256
-298.828
227.088
-90.9958
-75.0794
228.837
-332.247
360.668
-307.416
185.501
-25.5824
-130.667
240.249
-269.835
206.082
-62.0021
-122.086
285.83
-369.253
338.663
-200.421
-4.50506
217.412
-378.672
441.244
-382.84
213.077
27.9936
-278.09
467.825
-542.258
480.659
-304.424
68.4918
159.408
-319.676
375.241
-319.843
177.073
8.99036
-184.093
294.824
-303.26
200.656
-13.4269
-201.51
372.406
-436.678
364.239
-168.844
-96.9275
358.989
-544.094
600.823
-514.26
309.656
-44.4272
-206.511
369.406
-393.677
270.239
-36.8437
-230.927
440.99
-516.093
422.824
-183.26
-133.343
432.574
-624.509
653.408
-514.675
251.242
63.1589
-342.924
511.993
-528.09
396.827
-165.256
-98.3389
325.578
-463.505
483.412
-384.671
195.246
33.1635
-237.919
363.998
-381.085
290.832
-122.251
-79.3341
264.583
-390.5
428.418
-370.665
232.252
-45.8308
-143.914
286.004
-336.079
273.839
-112.245
-106.328
320.59
-465.492
493.425
-392.657
191.26
54.1773
-275.905
412.012
-424.07
310.847
-107.235
-130.318
339.599
-466.483
479.434
-377.648
188.269
41.1866
-251.896
386.022
-402.06
289.858
-78.2251
-171.308
382.61
-487.473
446.445
-261.638
-23.7195
337.198
-595.884
729.034
-699.049
512.869
-220.213
-101.295
369.622
-520.46
522.458
-384.624
152.293
108.211
-327.871
450.047
-443.035
308.882
-85.1993
-161.281
352.637
-427.445
363.473
-182.61
-59.6917
292.226
-447.855
481.063
-380.019
169.899
94.8171
-345.265
515.653
-561.43
473.489
-280.593
37.3256
194.243
-358.839
418.08
-359.002
196.917
28.8349
-262.247
441.671
-516.411
462.508
-289.574
37.3443
234.262
-457.819
574.099
-548.983
384.936
-123.145
-165.227
398.691
-511.391
475.528
-308.554
62.3646
196.283
-402.799
506.12
-478.962
326.957
-91.1246
-159.206
344.713
-403.369
314.55
-107.532
-147.614
362.305
-458.776
397.142
-189.939
-103.02
396.899
-608.183
677.736
-589.345
375.573
-105.508
-138.589
286.33
-299.752
183.167
21.0857
-245.995
416.923
-473.158
389.761
-187.32
-77.401
333.518
-517.563
588.355
-535.726
380.193
-162.888
-67.9684
267.951
-402.13
447.789
-398.293
266.626
-84.4549
-103.536
250.383
-321.698
306.221
-215.859
78.0595
72.9783
-202.103
278.817
-285.264
221.656
-106.426
-27.5069
142.412
-207.668
205.252
-130.829
-4.91005
176.009
-343.072
458.847
-481.233
391.686
-207.395
-23.4752
240.444
-390.636
442.283
-390.797
256.122
-74.9587
-106.039
239.88
-293.201
255.719
-141.362
-17.4421
179.477
-302.604
351.316
-307.764
179.155
4.07492
-195.006
339.914
-393.167
332.753
-167.327
-67.4076
318.512
-527.568
643.351
-634.729
500.191
-269.889
-1.96982
251.95
-423.13
478.789
-412.291
247.628
-30.4515
-182.531
334.389
-382.692
313.228
-143.852
-82.9317
311.988
-486.092
556.828
-499.252
323.667
-74.4132
-182.493
376.428
-453.652
397.267
-232.813
16.1073
188.027
-324.053
356.867
-279.213
113.707
92.6273
-278.452
383.468
-368.612
231.308
-6.77209
-241.852
439.068
-518.012
442.908
-223.172
-88.2513
410.669
-657.411
758.51
-681.57
443.35
-105.73
-241.809
508.111
-627.968
579.952
-388.128
111.792
171.713
-387.366
480.554
-429.526
251.394
0.315083
-248.764
416.156
-447.923
328.997
-88.0824
-208.162
470.759
-614.321
586.6
-388.48
73.4411
272.362
-556.718
705.203
-680.876
495.044
-202.035
-119.115
386.806
-537.274
540.647
-408.432
187.489
56.4094
-255.67
356.25
-332.829
197.092
7.01321
-217.066
369.855
-420.224
354.696
-194.383
-12.4619
205.459
-329.62
350.301
-262.778
93.1425
110.064
-288.015
384.905
-365.174
228.747
-12.3315
-222.411
406.51
-484.569
433.353
-268.726
37.1949
201.116
-387.963
477.958
-447.121
298.8
-65.2786
-195.357
410.564
-515.515
477.406
-307.673
56.2488
206.17
-408.909
500.012
-459.067
301.854
-76.2242
-150.303
308.619
-348.46
254.461
-50.6175
-205.696
437.225
-568.853
553.068
-386.01
106.911
213.832
-491.247
647.675
-637.403
461.518
-165.561
-174.639
472.283
-651.796
669.126
-522.953
253.968
66.8901
-357.188
543.734
-582.345
470.577
-247.502
-19.5793
257.343
-407.736
439.185
-348.893
161.029
77.9505
-307.128
464.794
-507.284
423.637
-238.441
1.48084
230.403
-407.676
495.246
-476.832
357.09
-160.988
-70.0664
286.856
-443.222
504.7
-455.378
304.543
-89.5347
-130.613
293.309
-355.769
309.153
-176.925
1.99726
168.919
-295.159
345.764
-304.314
176.608
5.52993
-189.548
316.374
-340.705
249.218
-66.8599
-149.937
329.985
-410.093
355.829
-172.249
-98.3262
387.596
-616.482
714.44
-641.637
405.285
-61.793
-295.871
563.052
-656.026
540.897
-246.181
-145.259
520.663
-770.414
820.508
-654.569
319.354
88.2758
-449.802
660.12
-659.957
454.966
-113.112
-258.19
546.733
-670.345
600.578
-367.5
44.4231
277.346
-511.732
598.19
-518.887
304.036
-21.0411
-246.119
419.804
-450.273
330.649
-99.428
-169.505
387.417
-478.66
406.263
-184.814
-124.891
436.032
-660.046
730.877
-627.2
380.722
-63.3545
-236.431
437.492
-488.586
383.337
-159.74
-114.817
366.106
-531.971
571.952
-473.125
254.798
31.7211
-311.356
503.567
-547.511
423.413
-160.664
-169.741
474.182
-661.895
674.028
-506.049
209.874
124.798
-398.279
528.643
-476.433
259.49
51.4135
-355.664
555.26
-585.817
436.106
-149.972
-189.049
483.875
-652.201
649.723
-481.354
197.569
121.492
-389.585
538.339
-533.738
382.185
-127.891
-156.968
389.956
-502.121
459.803
-275.274
1.64907
284.573
-503.503
590.42
-514.656
292.267
17.1904
-327.886
551.038
-620.038
511.885
-256.192
-73.2684
381.655
-581.421
616.503
-477.574
205.35
120.274
-402.802
558.121
-541.955
362.969
-77.1073
-229.184
462.74
-552.336
472.587
-251.489
-42.5654
325.359
-519.718
574.206
-477.87
263.054
6.97742
-257.099
419.826
-454.25
357.673
-163.403
-72.4788
288.445
-431.631
466.293
-380.783
193.141
50.065
-284.011
441.913
-473.163
359.761
-126.315
-161.391
413.533
-546.542
512.382
-313.694
2.23006
337.154
-611.922
748.002
-710.074
511.851
-211.225
-109.301
368.623
-509.452
509.472
-381.604
168.32
69.2447
-265.831
367.094
-343.982
201.942
19.8665
-258.209
441.716
-511.36
439.564
-240.512
-32.587
303.337
-494.738
551.186
-454.89
231.035
58.9598
-332.116
505.808
-524.267
378.658
-111.418
-195.493
445.431
-558.644
499.28
-286.795
-12.8701
311.055
-524.021
595.903
-512.172
301.753
-28.3229
-227.398
390.527
-414.549
295.376
-71.6991
-184.774
388.15
-466.925
391
-182.075
-97.1503
366.774
-553.301
607.624
-517.451
310.473
-45.6014
-203.676
368.249
-401.827
295.098
-79.9769
-177.052
391.873
-489.202
428.723
-219.351
-82.4266
390.498
-616.577
695.348
-601.726
358.199
-28.8768
-297.952
532.973
-612.101
518.824
-289.251
-3.32675
273.599
-448.476
486.45
-388.625
196.3
24.2251
-201.85
280.075
-234
79.9257
128.851
-318.223
415.701
-374.373
190.552
91.478
-389.597
609.329
-676.746
563.179
-293.895
-59.9703
403.955
-647.12
724.806
-616.269
352.657
-9.41728
-315.492
531.434
-583.641
469.285
-234.79
-43.8648
288.061
-438.013
463.912
-369.162
187.763
24.6889
-206.385
307.54
-305.534
210.392
-58.6833
-98.7579
212.168
-248.906
202.02
-89.0542
-54.1287
183.797
-260.278
255.648
-160.426
-8.50055
208.425
-384.649
488.277
-488.797
380.129
-181.945
-64.0194
303.907
-484.168
562.758
-520.316
367.611
-143.464
-95.5377
290.388
-395.686
389.24
-273.834
75.0921
163.018
-386.056
540.87
-589.204
517.722
-340.352
93.5741
172.5
-404.574
556.352
-597.721
522.205
-350.869
128.057
91.983
-259.091
336.836
-311.238
196.688
-33.3856
-124.46
227.466
-248.608
188.319
-69.7546
-67.8281
180.098
-231.975
205.951
-104.123
-51.1965
220.73
-357.344
417.582
-374.492
229.435
-15.6381
-208.711
376.215
-432.859
357.067
-165.006
-96.08
359.847
-555.227
624.7
-543.373
327.553
-28.5201
-280.594
520.332
-624.741
562.186
-347.888
41.039
272.966
-508.108
602.819
-536.254
330.673
-43.4009
-245.475
450.452
-505.621
389.306
-134.767
-177.841
446.086
-580.987
538.94
-333.134
22.7932
307.72
-569.353
688.574
-629.499
408.428
-89.6453
-234.719
472.208
-557.865
473.062
-249.011
-45.0842
324.843
-514.23
562.697
-457.376
227.551
63.4781
-334.595
507.332
-530.741
400.186
-157.887
-121.96
356.968
-483.105
472.822
-339.252
128.676
95.6029
-272.47
359.457
-342.616
236.311
-75.7614
-90.8341
213.093
-253.979
200.948
-69.1252
-101.198
255.73
-344.343
336.584
-228.489
41.4382
182.365
-385.708
508.22
-505.853
369.075
-129.997
-145.07
376.857
-500.216
484.712
-342.36
120.567
116.495
-307.578
408.349
-399.723
290.205
-112.868
-81.9404
240.987
-326.085
323.843
-245.23
119.698
14.6256
-122.447
181.48
-186.592
145.336
-72.7365
-9.80887
78.1186
-112.954
105.974
-62.0978
-1.16992
58.7576
-87.3149
75.6129
-29.4592
-33.5315
93.3962
-133.676
145.252
-129.82
99.1073
-69.9648
58.9632
-77.1088
124.819
-188.253
240.675
-252.397
203.53
-92.5417
-60.6135
219.315
-340.757
386.17
-331.902
180.026
37.9544
-266.118
438.81
-503.262
438.666
-261.406
17.5222
230.45
-418.622
498.306
-449.765
288.163
-60.9089
-163.981
317.948
-353.124
255.804
-51.268
-199.339
413.589
-513.483
453.445
-237.627
-80.6984
415.23
-671.842
776.087
-694.985
445.943
-92.1285
-272.2
545.728
-651.344
563.585
-317.487
-7.55854
318.37
-534.701
606.227
-521.845
309.084
-24.988
-256.059
457.869
-523.202
433.726
-217.346
-62.417
327.512
-506.559
552.369
-454.703
243.226
23.1542
-273.917
443.011
-484.06
385.869
-179.202
-74.2734
303.655
-447.416
466.512
-353.559
135.37
132.299
-376.773
527.156
-536.915
401.014
-159.058
-117.129
348.799
-477.271
478.658
-364.413
172.516
45.4441
-235.627
351.302
-362.769
266.16
-87.9114
-117.983
284.946
-357.125
307.804
-148.267
-73.3376
287.591
-427.481
447.448
-336.622
124.307
129.236
-352.835
485.094
-489.977
364.953
-141.118
-124.189
361.74
-509.331
528.598
-414.473
196.456
69.3857
-315.685
480.244
-521.827
433.103
-242.968
4.96125
220.89
-382.181
441.749
-384.322
222.607
2.53644
-229.534
390.395
-430.675
329.254
-109.816
-161.887
399.042
-526.029
502.9
-333.17
59.7596
246.689
-505.381
646.548
-631.523
464.407
-190.663
-117.734
385.195
-551.875
584.054
-479.016
264.913
5.84269
-267.227
453.702
-518.368
447.561
-263.509
16.421
230.351
-417.72
504.209
-473.861
339.068
-137.002
-79.0712
253.858
-347.212
344.717
-257.353
114.577
44.5069
-180.563
263.367
-276.703
218.227
-100.844
-44.915
176.015
-250.055
239.875
-144.195
-10.2648
176.665
-302.405
344.525
-282.545
126.385
84.3144
-290.756
432.174
-463.896
370.034
-168.036
-95.1054
355.825
-552.246
639.684
-600.386
447.545
-221.525
-23.5952
237.335
-381.735
432.195
-381.875
248.056
-70.0137
-102.084
221.846
-259.224
206.707
-81.3635
-77.4334
220.497
-306.572
313.358
-239.713
102.218
70.1481
-238.921
360.009
-394.061
319.869
-145.201
-89.2706
319.66
-480.409
525.521
-441.549
250.381
-1.68762
-240.757
414.173
-472.897
402.034
-221.035
-24.1046
273.826
-467.244
553.687
-506.383
334.547
-84.5223
-173.592
368.339
-448.73
397.2
-231.869
0.0612585
234.992
-410.077
476.854
-415.216
240.714
-0.355038
-240.424
415.507
-478.562
417.368
-253.701
32.2296
193.161
-370.909
461.022
-443.047
320.884
-122.185
-107.255
313.676
-447.393
473.538
-382.532
196.399
36.3304
-253.738
396.193
-423.877
330.054
-144.015
-76.0846
260.846
-353.223
326.708
-193.36
1.57033
180.501
-291.568
298.363
-202.706
36.2251
152.157
-308.912
387.019
-358.05
221.881
-9.18788
-223.257
405.674
-477.395
408.537
-209.532
-73.6008
373.33
-616.739
741.192
-711.877
535.055
-256.014
-57.0835
332.848
-513.22
566.711
-496.358
336.574
-139.495
-41.5638
167.367
-221.702
208.23
-142.838
51.0932
35.0246
-87.0439
89.8876
-45.1812
-30.25
108.681
-160.387
165.544
-121.524
41.4074
52.3387
-134.73
185.201
-193.867
164.065
-110.003
51.928
-10.1408
-1.2095
-22.2778
74.6539
-140.414
197.517
-222.551
196.38
-111.688
-19.7569
168.175
-294.893
362.039
-342.03
227.902
-40.1664
-175.235
360.697
-466.371
464.561
-356.507
171.424
42.3559
-229.712
342.219
-351.849
259.083
-91.9854
-101.054
263.879
-348.189
326.742
-202.326
8.60588
200.538
-365.529
434.402
-378.666
207.265
32.1982
-266.869
422.062
-447.006
330.926
-105.142
-165.21
400.722
-533.346
525.586
-380.482
141.45
121.382
-332.685
433.247
-397.821
244.111
-26.9568
-181.025
314.907
-338.161
249.772
-80.2958
-117.364
283.568
-370.499
354.433
-239.635
56.2973
147.23
-316.838
407.094
-394.973
286.959
-115.109
-73.1771
227.755
-310.312
304.62
-218.448
79.4847
73.4173
-200.65
271.282
-270.786
203.147
-87.9204
-42.9881
151.944
-207.123
190.809
-103.258
-33.3259
176.607
-276.46
291.472
-204.595
33.3372
173.27
-350.798
441.135
-411.933
266
-39.0673
-208.135
402.798
-481.27
411.663
-205.404
-86.4712
388.462
-620.606
718.326
-649.741
426.192
-101.875
-237.942
499.99
-612.077
545.855
-324.212
11.7214
306.654
-548.413
652.52
-594.547
393.385
-105.682
-188.749
408.184
-492.883
422.05
-219.017
-56.0837
324.849
-512.219
564.714
-464.353
234.581
65.5137
-355.553
553.38
-599.687
479.246
-225.821
-89.8879
381.045
-567.022
593.911
-450.155
170.777
171.71
-484.357
677.577
-694.49
532.443
-242.624
-90.6912
378.242
-549.825
570.109
-445.958
222.975
30.9083
-247.158
372.775
-380.292
273.641
-87.4252
-121.492
290.441
-370.626
339.307
-203.759
1.17463
210.108
-368.958
430.975
-382.092
240.842
-49.2243
-140.291
278.642
-333.425
295.509
-179.558
21.3755
132.309
-239.757
275.176
-232.891
128.043
6.97689
-130.09
200.844
-194.222
110.711
23.6446
-167.422
277.512
-320.554
281.379
-168.687
15.2462
132.18
-229.886
251.047
-193.019
77.9144
55.8482
-167.218
224.716
-213.351
135.583
-10.4835
-128.55
242.384
-298.682
280.252
-187.814
41.1198
124.053
-266.013
348.921
-351.145
269.789
-123.277
-49.3439
198.59
-281.476
274.458
-179.608
26.3262
135.26
-251.806
286.128
-227.938
93.9964
78.9305
-243.136
348.798
-355.268
244.667
-32.3995
-230.466
468.468
-607.598
602.336
-448.729
182.205
133.139
-418.927
600.008
-625.059
484.875
-218.191
-101.256
389.679
-576.388
619.546
-515.52
299.415
-34.6507
-205.716
361.218
-400.848
326.086
-164.98
-35.0453
217.889
-333.177
349.758
-265.308
106.626
81.5603
-250.505
357.43
-374.636
297.299
-144.767
-44.8326
225.102
-353.964
402.97
-362.095
240.839
-66.2264
-120.292
269.642
-338.423
302.512
-165.554
-38.6194
254.315
-421.75
493.185
-443.881
280.054
-41.0113
-209.077
400.858
-482.207
431.727
-262.339
17.596
239.531
-441.534
531.401
-479.665
297.269
-33.7955
-236.86
437.074
-508.991
432.943
-232.121
-37.1862
303.748
-500.317
578.618
-520.447
343.487
-97.5783
-149.643
334.292
-414.774
379.161
-243.904
47.0314
161.966
-331.099
414.836
-387.229
253.706
-51.3595
-162.425
327.51
-399.555
362.38
-229.685
37.2507
169.186
-343.88
448.055
-458.009
372.926
-217.139
34.7961
123.731
-219.334
235.601
-180.464
81.4716
23.4065
-98.6583
123.277
-96.7867
37.1484
28.083
-71.982
75.9535
-36.1111
-34.1761
110.759
-170.305
198.63
-193.435
163.5
-125.564
98.3707
-94.6942
115.242
-148.823
179.113
-192.952
184.983
-157.082
114.854
-65.2109
15.724
26.6594
-57.4049
74.5305
-77.5343
67.4014
-47.6627
24.2726
-3.79246
-8.85711
12.0788
-6.9855
-5.0501
22.8855
-44.1786
65.7569
-85.3081
100.627
-107.437
100.499
-77.5655
41.3703
2.30629
-47.758
90.1773
-124.887
148.048
-159.016
160.92
-157.144
147.792
-131.273
107.663
-78.4016
44.5341
-6.53002
-35.594
81.3419
-126.722
163.213
-181.851
177.085
-146.98
93.9563
-27.1079
-38.1721
85.7637
-105.301
93.6356
-53.4282
-6.49225
70.4435
-118.621
133.315
-105.749
41.1868
40.1228
-108.941
138.995
-118.069
51.8669
38.8026
-124.262
175.675
-176.389
127.547
-45.5168
-43.5809
111.355
-137.709
118.227
-63.8366
-4.90014
66.0362
-104.028
113.908
-100.155
71.7807
-38.2832
7.65298
14.5894
-25.4743
25.462
-19.6017
15.3343
-17.7298
27.2065
-40.8567
55.0798
-67.9844
79.9514
-92.1124
104.824
-117.24
127.697
-134.366
135.57
-130.494
120.442
-108.621
97.315
-85.7487
72.1878
-56.8756
42.0607
-30.0031
19.9335
-7.1299
-13.1938
41.7424
-75.3207
109.616
-141.447
169.489
-193.575
212.361
-221.702
217.235
-197.828
165.109
-121.955
72.9812
-25.0821
-13.1451
32.792
-27.2711
-4.33453
54.6017
-108.462
149.475
-167.588
162.348
-140.715
111.222
-78.8415
46.0952
-16.9681
-4.03138
15.9054
-22.1578
27.779
-35.2844
43.6521
-50.411
53.5263
-52.5366
49.3999
-47.6637
51.2734
-63.7895
86.1472
-114.916
143.021
-161.042
159.896
-135.168
88.7684
-27.2951
-39.358
98.5793
-136.484
141.453
-109.61
49.3273
20.2642
-77.7988
108.138
-105.924
76.0127
-31.0504
-13.1133
41.8239
-45.2392
20.6976
25.6347
-78.428
117.509
-126.553
100.384
-46.6792
-16.7419
68.1952
-91.8679
85.0694
-56.993
22.9445
0.881467
-4.18185
-11.2447
32.6929
-44.3698
35.5672
-4.49533
-42.5576
93.3798
-131.683
141.254
-113.809
55.1286
16.0664
-74.9962
99.9408
-81.1221
25.8151
43.7525
-99.3099
118.628
-95.4349
41.5023
19.4398
-61.6224
67.3153
-32.7472
-32.8097
112.128
-185.934
238.003
-258.06
241.878
-191.185
115.752
-33.3098
-36.3719
79.5655
-93.4973
85.4404
-66.6217
45.3159
-24.7466
6.19103
8.1289
-15.9333
17.0043
-13.0581
5.87959
3.81743
-16.2448
32.6927
-55.3699
84.5676
-114.495
132.444
-123.618
79.3198
-3.74284
-85.8053
166.132
-217.93
233.008
-216.054
180.883
-144.179
119.759
-114.303
124.636
-139.427
146.511
-139.551
118.387
-85.6754
45.2625
-2.79948
-34.8616
63.076
-81.9862
93.9519
-98.1098
88.8282
-60.234
11.704
50.6419
-116.42
174.518
-214.544
227.395
-208.667
162.27
-98.7913
31.1469
27.0849
-62.977
68.9614
-48.1003
14.8378
10.7761
-12.2855
-16.3475
68.5902
-127.472
172.467
-188.594
172.344
-131.718
81.2201
-35.8417
7.096
0.034085
11.9728
-36.0885
63.8496
-87.2125
100.726
-102.336
92.6026
-73.4592
46.479
-12.5824
-26.6439
67.2945
-101.767
120.171
-114.89
85.0479
-38.0136
-13.075
54.8636
-79.1978
84.7409
-75.3206
58.6179
-45.4437
46.4948
-66.5668
100.371
-133.69
150.248
-139.813
102.126
-45.9353
-13.997
59.9411
-76.1204
55.8185
-5.24261
-59.3039
117.635
-151.427
149.512
-112.55
54.3888
2.32795
-35.7331
34.2055
-0.855976
-47.917
90.0222
-108.039
94.8993
-53.1622
-7.22337
71.7154
-126.346
161.593
-172.468
159.471
-130.59
97.349
-66.7124
38.2261
-7.83498
-25.8959
58.0429
-80.0184
84.9208
-70.1398
38.7991
-0.262479
-33.324
51.6149
-47.4461
17.493
35.432
-101.629
167.31
-218.75
246.188
-246.873
225.065
-188.995
147.944
-110.117
79.822
-56.2391
36.7005
-20.36
7.57916
1.51807
-6.54296
7.39603
-6.66492
10.2742
-23.7867
47.1524
-73.9083
96.0313
-109.029
111.91
-103.151
78.788
-35.2727
-25.3335
91.6056
-144.455
164.485
-140.576
76.3628
8.30217
-83.7581
122.181
-107.88
42.06
58.9997
-170.061
262.878
-311.183
296.756
-216.304
85.6354
62.5748
-187.486
253.454
-244.606
172.333
-69.7277
-22.7884
72.151
-62.9094
2.03022
82.9697
-154.091
178.849
-145.212
66.728
25.6676
-98.3931
126.546
-99.5143
24.4255
74.3652
-164.695
220.245
-228.816
194.124
-133.937
73.0032
-31.0573
13.8823
-15.1779
25.7618
-39.2987
50.6409
-53.419
42.5208
-18.5397
-10.6001
32.3398
-35.7203
18.2194
11.1592
-35.9008
41.0392
-20.0209
-24.0812
80.8583
-137.202
182.738
-212.322
224.618
-220.442
203.498
-180.562
159.377
-145.683
139.257
-131.802
111.137
-68.9231
5.01661
72.9566
-151.103
210.837
-233.223
206.716
-134.343
34.5974
65.5375
-140.523
174.416
-165.643
126.297
-75.7624
32.1776
-5.88239
-2.94209
2.99807
-8.0622
30.8777
-76.1818
136.759
-196.301
236.639
-243.421
210.519
-143.54
58.3996
23.3396
-79.7203
97.2202
-78.8394
42.1007
-9.95918
2.98123
-33.0782
97.8621
-179.198
248.743
-277.317
242.623
-136.437
-27.4963
213.444
-375.615
473.325
-482.735
403.205
-255.854
75.0865
102.027
-244.033
330.908
-356.151
322.789
-240.27
126.67
-7.38946
-92.4491
154.491
-170.568
144.372
-89.687
26.2534
25.194
-49.8651
44.0757
-14.9838
-23.0436
53.8968
-65.1624
51.7785
-17.2809
-28.3406
71.6
-97.4591
93.4817
-56.5777
-2.63719
62.3036
-98.7556
98.1852
-62.8741
8.06633
46.0068
-81.0526
85.8883
-59.1709
8.76978
49.7106
-95.3484
108.592
-80.4669
17.4738
61.4147
-132.644
175.297
-175.763
132.178
-56.8807
-27.9398
99.0008
-139.059
140.882
-108.177
53.7647
3.70606
-45.3531
59.5874
-46.472
15.469
20.41
-48.6491
59.2919
-48.7667
23.1747
5.11557
-25.9437
36.9974
-43.0613
51.8797
-69.1794
93.7615
-117.297
130.644
-129.415
114.526
-91.5325
69.4086
-55.6504
50.2908
-44.7678
27.1734
9.11439
-58.9447
105.996
-130.062
115.879
-59.1799
-31.2387
135.703
-229.356
289.585
-302.474
264.468
-181.591
71.3501
38.2913
-118.767
153.174
-142.885
106.057
-69.0019
54.9395
-75.1195
123.822
-179.237
212.705
-202.354
143.588
-51.4709
-46.5296
122.412
-156.646
143.296
-91.763
22.1781
44.1194
-91.939
115.003
-116.056
103.886
-87.1729
68.7683
-45.29
12.652
28.5936
-72.465
109.476
-129.582
125.36
-94.6985
43.2434
16.185
-68.8737
103.068
-111.99
95.9514
-63.1072
25.8345
3.77666
-16.2813
7.65996
18.601
-53.4574
85.4849
-103.573
101.368
-80.6902
50.252
-21.8056
5.13623
-2.92263
10.0187
-18.0395
19.9026
-11.1552
-9.21309
36.7289
-61.3294
71.6119
-61.4466
33.4953
3.43761
-38.6203
61.3217
-62.7364
39.2055
5.14711
-58.9111
108.031
-141.027
150.915
-136.143
101.799
-57.2589
11.6825
27.6244
-55.4329
69.5093
-70.5492
61.3926
-47.6648
38.2777
-41.7805
60.1613
-85.8965
105.046
-105.012
81.9296
-43.128
3.81448
19.7565
-16.3017
-16.3594
68.5831
-121.475
155.467
-158.59
130.352
-80.7057
25.2361
20.1782
-43.8793
42.0631
-19.9947
-11.0527
39.8897
-59.1678
64.7745
-54.2834
26.659
16.6015
-69.456
120.486
-155.572
164.371
-146.687
113.255
-79.8021
58.1406
-49.9171
47.025
-38.0326
14.91
24.8526
-79.2049
141.738
-201.32
244.622
-262.435
254.508
-227.549
189.393
-146.665
106.277
-74.7801
55.1627
-45.8946
43.0482
-43.0091
42.9333
-39.1243
27.8183
-9.23887
-10.2962
21.6461
-18.4115
0.531134
24.474
-43.5831
44.3593
-20.6983
-24.7557
80.1871
-126.87
146.073
-127.985
75.9583
-3.09888
-74.1559
140.787
-185.271
199.672
-180.385
130.558
-60.4994
-16.5568
89.386
-149.671
190.272
-204.785
189.157
-143.9
75.0431
6.98588
-89.071
157.872
-203.185
218.757
-201.3
151.643
-76.4135
-12.4707
99.4722
-168.585
208.359
-214.698
189.245
-136.812
64.1308
20.0738
-103.983
172.96
-213.097
215.846
-181.211
118.732
-44.3252
-26.3821
83.5609
-124.496
150.447
-162.609
161.334
-146.723
118.22
-75.8371
24.1064
26.0498
-62.0072
76.9355
-72.1216
53.8219
-30.2344
9.70878
1.65179
-2.40483
-4.46131
14.4819
-23.5749
28.3685
-26.6881
17.255
0.198095
-23.8587
50.0848
-73.9716
89.9718
-94.0849
85.8583
-69.1984
51.745
-41.3118
40.6316
-44.4246
42.519
-27.5378
0.405346
30.3487
-53.7078
61.2357
-49.8203
22.1235
15.0666
-51.9905
76.9531
-81.1028
63.8409
-33.2159
1.72746
18.6711
-19.3856
-3.44235
47.5017
-104.554
163.39
-213.667
248.276
-262.78
254.163
-222.893
176.051
-126.005
83.9382
-53.1184
28.8255
-5.23047
-19.2868
42.6567
-61.3998
71.544
-68.5121
48.4318
-12.6243
-28.6805
59.2632
-65.7932
45.1504
-4.90584
-40.9619
76.9818
-91.0746
79.869
-51.1871
20.7567
-4.29969
8.64417
-28.4116
51.5325
-67.5238
71.4197
-63.6365
49.3075
-36.7486
33.1954
-40.8606
57.0832
-76.9729
95.9713
-111.085
119.859
-119.197
106.747
-83.3087
52.6356
-19.4204
-10.4765
29.4675
-31.5883
16.3559
11.2999
-42.756
67.1882
-74.8674
61.0767
-26.9795
-22.0359
76.9082
-124.147
147.797
-135.259
83.6852
-3.37045
-84.4262
155.518
-192.538
190.407
-156.649
108.294
-63.7615
33.1832
-15.8725
5.07126
6.01518
-20.0404
34.904
-46.1517
49.7928
-44.2626
30.6816
-12.3744
-4.4301
10.5144
3.4589
-42.5969
104.347
-176.708
239.236
-269.819
256.125
-202.931
129.014
-58.0416
10.9031
-1.15284
31.791
-93.2646
164.68
-219.375
233.569
-195.486
110.458
1.40304
-111.652
190.292
-214.763
180.181
-102.874
13.0704
58.0148
-90.0405
80.9042
-46.1513
8.79321
13.7379
-16.3173
5.6272
4.57158
-1.48372
-18.5389
48.4056
-76.65
94.2946
-96.7604
83.1845
-56.8708
26.074
-1.98131
-6.03666
-5.09189
30.853
-61.2021
83.7426
-87.3128
65.6319
-19.4234
-43.4786
109.466
-162.589
190.356
-188.699
163.246
-126.809
93.1355
-70.9196
63.0252
-68.0301
80.9147
-94.1404
99.8046
-92.2506
69.6943
-34.3605
-8.41549
51.5292
-87.5261
110.419
-116.636
104.309
-73.7459
30.1993
16.1443
-54.911
79.0339
-85.021
72.9242
-46.1308
10.8142
24.7595
-52.2953
66.6496
-67.4054
58.5399
-47.5145
42.4305
-48.625
67.32
-94.7345
122.211
-138.844
135.101
-106.954
58.9918
-3.0634
-47.1185
80.827
-92.2276
81.7172
-57.3382
32.6071
-19.447
21.4985
-34.5564
52.3887
-69.6658
80.2797
-76.7753
54.1696
-14.885
-30.9393
71.0063
-97.0484
105.897
-97.1582
73.7873
-44.2671
19.6784
-7.37609
8.56931
-19.4854
32.4598
-38.5948
31.3508
-7.70364
-30.7583
75.1871
-109.867
118.078
-89.9766
27.9688
52.9147
-129.14
175.806
-175.249
123.696
-33.3577
-71.4122
163.533
-222.521
238.425
-211.63
151.316
-72.7386
-5.79295
65.1527
-88.9015
70.0442
-17.0104
-48.0652
98.8804
-115.174
88.7721
-26.2823
-52.3367
121.609
-160.445
158.501
-119.554
61.3921
-8.66208
-18.7163
13.2295
19.1753
-61.8789
94.0669
-98.9874
68.9581
-7.09635
-72.1505
145.796
-190.258
190.688
-146.366
69.5794
20.5252
-103.529
161.417
-182.637
164.309
-111.746
38.2
36.1463
-88.9074
104.038
-80.0159
30.93
19.8761
-48.1776
37.7687
11.7148
-84.3393
155.606
-201.448
204.498
-158.556
71.3905
36.3365
-137.718
209.228
-237.825
222.121
-169.933
96.0132
-19.041
-43.095
77.8515
-81.2021
57.7439
-17.3101
-29.364
73.582
-109.472
133.474
-143.579
139.367
-122.687
97.2589
-67.7947
39.1516
-14.9021
-2.95562
13.9909
-21.063
29.8828
-44.1712
61.7755
-75.2777
75.6685
-58.3858
28.5602
0.5068
-14.5466
4.39951
31.3454
-85.7084
145.238
-194.815
222.132
-219.922
188.024
-135.029
75.917
-25.1365
-10.1898
30.7567
-40.297
42.6494
-41.4037
38.5431
-33.5104
24.4358
-9.61791
-11.6716
38.2747
-66.7787
93.1682
-114.885
130.062
-134.992
124.955
-99.0987
62.8478
-25.2054
-4.25873
17.6876
-12.3659
-7.41914
31.5275
-46.5261
40.4205
-8.63256
-43.6859
104.261
-156.793
183.154
-168.899
112.047
-27.0061
-61.0593
126.887
-155.166
145.781
-111.272
69.6745
-38.3788
29.5678
-45.4854
76.4616
-105.592
116.355
-97.6981
47.2496
26.1971
-103.856
163.09
-184.964
159.983
-91.0691
-6.12215
105.825
-179.229
203.718
-169.335
81.6119
38.559
-159.494
248.453
-282.6
255.347
-176.707
69.2399
39.1873
-122.865
163.081
-151.972
95.9753
-14.0778
-70.1308
136.816
-175.236
185.711
-176.342
155.605
-127.448
92.499
-51.5538
7.3935
34.341
-64.7117
74.2349
-58.8186
23.1287
22.0765
-64.9763
95.9706
-109.082
102.865
-81.1878
52.7594
-28.2931
16.6543
-21.3986
37.5484
-51.5046
47.4426
-16.6098
-37.6621
101.285
-154.768
181.18
-172.873
132.074
-67.9787
-5.03168
69.9159
-112.136
124.811
-111.242
82.7056
-52.3469
30.6005
-23.4524
30.4946
-44.5578
56.3902
-60.662
57.2852
-49.7678
44.1797
-46.8727
61.0745
-84.9784
110.969
-127.083
122.864
-96.188
55.7596
-18.2929
1.65459
-16.3976
60.5502
-120.502
175.445
-203.608
190.34
-133.712
44.2353
59.1826
-154.87
223.078
-248.974
226.974
-164.078
76.8692
14.8166
-92.2356
140.712
-152.34
127.607
-75.4454
10.5026
51.4505
-97.6019
121.346
-123.706
112.242
-97.8106
89.1371
-88.915
95.0327
-103.02
106.928
-101.124
81.8243
-47.2284
-0.280883
51.6672
-94.3849
118.562
-119.49
97.4585
-58.5931
14.3545
22.302
-41.7503
41.1976
-25.8545
7.09349
3.04148
0.989434
-15.0626
29.8855
-39.1663
43.7817
-49.2703
59.6777
-73.3744
84.5736
-87.4784
79.4697
-62.5821
41.3662
-18.6855
-5.73771
33.21
-62.8418
90.1065
-108.945
115.002
-106.049
80.899
-40.1528
-12.2049
67.743
-113.309
133.639
-117.412
63.5358
16.4839
-101.568
168.38
-200.672
195.277
-160.775
112.173
-65.8788
35.0692
-25.9822
36.9665
-60.0853
83.8627
-97.1893
93.759
-74.2925
44.656
-11.3957
-21.4477
52.5005
-81.551
107.397
-125.655
129.294
-113.758
82.1913
-44.8604
14.0874
0.0355896
7.98447
-37.0667
78.8816
-120.17
146.778
-147.273
115.675
-53.3766
-29.4277
113.521
-174.53
191.418
-155.634
75.3144
28.263
-128.788
203.16
-237.891
232.058
-194.994
139.955
-79.0971
21.8515
25.8001
-61.2513
83.6974
-93.3539
92.5945
-85.4571
74.4916
-60.5596
46.3889
-37.6625
40.2862
-56.7649
83.184
-108.867
120.081
-105.971
63.978
-2.07303
-64.124
117.825
-147.226
148.722
-127.329
94.6199
-63.4315
42.5172
-34.5338
35.4154
-35.6357
26.3129
-5.73863
-20.7898
46.1591
-65.892
80.057
-91.9941
104.955
-120.096
135.852
-147.199
146.751
-128.3
89.6483
-33.4035
-33.4547
101.495
-161.556
206.393
-231.658
237.29
-227.761
210.188
-191.863
178.086
-169.964
162.985
-149.067
121.883
-80.168
27.7811
25.7299
-65.3213
75.6278
-49.423
-7.47389
78.4752
-143.576
187.373
-202.677
189.272
-152.779
104.17
-55.881
16.0684
14.0176
-39.0332
65.9162
-98.1345
130.815
-151.236
145.713
-107.337
38.6116
50.5603
-145.49
228.46
-282.591
298.358
-277.693
233.256
-183.794
146.155
-127.896
126.053
-131.998
136.952
-134.099
118.851
-89.2
45.7491
7.69854
-64.3518
116.598
-156.453
174.496
-162.555
120.395
-59.6559
-0.706725
44.2428
-62.8074
56.1425
-30.9081
0.0410958
21.9907
-26.0596
10.89
17.8394
-48.211
65.7387
-61.3119
36.6373
-2.41322
-28.4635
47.486
-52.5645
46.3853
-34.6647
24.2848
-19.7662
20.1831
-20.8671
19.0828
-16.9676
17.9818
-22.0683
25.8818
-25.1685
14.7807
10.7299
-53.3203
107.63
-160.42
193.53
-190.521
145.428
-66.6218
-27.6719
116.278
-179.773
204.177
-184.873
129.077
-52.9732
-26.0233
94.9262
-145.124
170.825
-170.225
146.726
-107.324
61.6255
-21.4248
-3.47487
9.47477
1.42436
-22.6257
42.3244
-46.7256
27.2242
14.1742
-63.8756
101.074
-106.976
72.9736
-3.07618
-87.1259
173.824
-232.226
244.723
-206.327
127.624
-33.4261
-46.4761
90.4739
-93.5762
67.3738
-32.676
9.27433
-7.77566
26.174
-52.8764
74.0735
-80.9763
73.974
-61.0757
51.8744
-52.1755
62.7747
-81.2751
102.675
-119.375
124.575
-116.475
98.4757
-76.5739
57.3764
-46.6736
47.2762
-57.7739
73.1764
-85.8731
87.0774
-69.9723
32.9779
19.9279
-81.1219
139.829
-182.221
194.729
-169.321
107.629
-22.4199
-65.4696
134.48
-169.569
165.381
-125.668
62.2827
6.23327
-59.8166
84.1335
-74.9162
38.0343
13.9847
-67.0649
108.886
-130.164
125.786
-96.2633
49.6875
-1.362
-31.4117
35.5386
-6.51093
-48.5604
112.39
-164.659
189.291
-177.758
129.192
-49.8575
-46.9071
143.044
-221.006
266.944
-271.105
229.845
-149.203
46.7472
50.6975
-115.352
130.599
-99.4504
43.5003
6.45099
-22.5984
-8.64786
79.3027
-160.747
215.204
-213.845
151.105
-45.944
-67.9931
154.958
-188.091
157.859
-75.1901
-33.2394
134.711
-200.338
213.613
-176.436
108.515
-37.5343
-13.5834
32.3675
-15.6818
-31.7314
98.2192
-167.83
223.121
-246.928
226.023
-158.027
56.9243
48.8755
-126.173
148.777
-107.272
14.6791
95.63
-181.419
208.532
-165.518
67.433
52.3836
-155.665
212.286
-209.763
155.188
-69.8609
-17.9099
80.041
-98.008
70.9431
-16.1057
-39.1544
68.7967
-57.2524
4.69833
71.6493
-142.399
177.552
-159.497
90.4541
8.40525
-104.644
166.308
-173.741
126.21
-40.8394
-54.8882
134.063
-179.985
189.965
-173.084
144.868
-120.18
106.771
-103.278
101.673
-92.3759
69.5754
-34.4734
-4.52215
36.429
-54.62
59.3312
-54.7175
45.2337
-33.8151
21.1363
-5.91212
-12.9605
32.9907
-47.0584
46.8926
-27.156
-13.2045
70.7471
-137.301
201.65
-253.398
285.552
-294.496
279.455
-242.593
188.358
-121.691
48.2611
24.2126
-87.8359
137.116
-168.933
182.019
-177.03
155.922
-121.127
75.8245
-24.2243
-28.2726
73.6794
-102.369
108.583
-94.466
68.4857
-40.5625
17.3889
-0.660009
-11.7084
23.2437
-35.8045
47.1466
-52.9022
51.0495
-42.9986
31.9532
-21.0951
11.8563
-4.1924
-2.24102
8.71081
-17.337
28.615
-40.4335
50.5179
-58.5305
65.4213
-71.6269
76.3249
-77.7232
73.2285
-60.82
41.1314
-16.9168
-8.96467
33.9873
-55.0611
67.8906
-68.1572
53.7948
-25.2536
-15.3019
62.65
-107.398
138.554
-148.495
137.457
-113.591
87.3608
-66.6873
56.2646
-56.7835
64.1686
-71.8793
74.0725
-66.9757
48.9761
-20.0719
-19.12
66.8321
-117.216
159.736
-184.312
187.64
-174.408
152.544
-127.504
100.448
-70.5999
38.3521
-5.69582
-24.7438
49.2084
-61.8391
56.113
-29.9352
-9.98335
50.9689
-82.0789
97.873
-97.175
82.7773
-62.2704
45.6814
-40.3667
46.5859
-56.4615
58.4907
-45.5574
19.3947
11.3468
-34.7012
38.2511
-13.7962
-36.8439
100.108
-155.94
186.012
-180.035
139.917
-80.1309
21.8214
15.7741
-22.2735
0.678586
33.6305
-61.4174
69.535
-54.5122
20.4403
23.3924
-65.6555
98.2967
-119.751
133.201
-141.846
146.106
-144.942
138.01
-127.037
115.916
-108.132
103.82
-99.2272
87.7254
-62.3218
20.6308
30.5832
-76.4645
101.488
-97.5598
67.3926
-23.6547
-14.7018
29.2509
-9.79682
-40.8446
108.108
-172.939
220.013
-242.034
238.918
-214.13
171.823
-116.223
52.7292
11.6811
-70.3667
118.586
-153.461
173.492
-177.556
165.397
-139.65
105.302
-66.746
26.2068
14.16
-48.8871
70.0653
-71.9822
54.9708
-27.0764
1.87612
8.82878
-2.21823
-15.2654
32.6871
-38.3602
22.5926
18.5452
-79.5022
144.451
-192.596
207.356
-182.691
124.262
-47.7849
-24.8318
73.121
-85.9266
64.0258
-19.0212
-30.0676
64.8857
-76.1616
64.7909
-37.2563
1.69679
33.6497
-60.3976
70.5554
-60.4915
35.4616
-8.58537
-5.63217
-1.67879
30.2742
-71.7733
112.179
-134.868
126.086
-81.9616
11.9908
64.9437
-129.103
166.851
-174.196
156.757
-126.291
95.662
-73.3849
60.5686
-53.478
48.475
-43.5722
36.3807
-22.6663
-1.71333
36.2398
-72.8068
99.1467
-105.9
90.0529
-54.994
10.9592
26.9125
-45.1344
38.8186
-14.2283
-14.2751
30.6783
-24.3685
-4.41534
44.538
-80.5085
99.4448
-94.6021
67.3509
-26.6957
-13.7422
39.2111
-38.8357
11.1177
34.071
-78.976
105.977
-105.07
76.8842
-32.1622
-13.209
46.7441
-64.3024
68.6511
-66.3957
65.5574
-71.4893
82.4643
-90.5822
88.3712
-74.6755
55.2779
-38.7685
31.1851
-33.8614
44.092
-55.9545
62.999
-62.0477
53.9054
-41.1413
25.8122
-9.23401
-6.28031
16.673
-17.3737
4.58008
22.5342
-58.5123
92.4407
-113.606
115.347
-95.6987
58.2554
-12.7908
-26.8373
48.116
-44.9304
18.0235
26.9772
-80.0695
126.884
-152.162
146.792
-113.255
65.6985
-24.3478
6.60616
-19.4402
56.5134
-100.533
130.421
-130.625
96.3284
-32.718
-47.7639
128.19
-190.856
222.097
-215.949
175.005
-110.042
37.9119
24.8657
-69.1801
94.7739
-106.272
108.681
-104.365
91.5887
-66.4572
27.4967
20.4505
-65.5957
94.3579
-99.6883
85.266
-62.7795
45.1743
-40.8723
52.0817
-74.964
98.9898
-108.057
86.8967
-30.1491
-53.1948
142.759
-213.287
242.667
-221.379
157.575
-72.4706
-9.51659
68.4373
-92.6087
80.3455
-40.7002
-8.74626
48.2075
-62.8386
48.1155
-11.9302
-28.9758
56.9783
-61.0678
40.8862
-7.15938
-22.2051
29.7489
-5.29732
-51.3434
130.611
-214.435
279.519
-303.526
272.428
-186.618
62.3353
73.2896
-189.756
261.198
-274.848
236.106
-166.939
97.0151
-50.0305
33.9237
-42.1222
61.8319
-80.2138
85.7407
-69.3048
27.6496
33.6041
-100.442
155.512
-185.534
186.421
-163.625
128.33
-91.7161
60.2383
-33.8072
7.14683
26.1008
-67.9447
112.01
-145.035
154.92
-138.126
99.8279
-50.2174
1.73697
33.6911
-48.3546
41.5999
-20.4453
-2.49076
14.4635
-9.58235
-7.62802
24.3267
-25.7184
3.23623
40.1903
-91.8555
135.099
-154.946
144.009
-107.037
58.9174
-16.1283
-12.174
27.7806
-40.2645
59.6905
-89.3548
122.599
-146.446
149.508
-128.537
90.4178
-48.6276
15.3273
5.28238
-16.7628
26.1916
-40.8541
65.1007
-97.9444
133.01
-159.035
161.92
-131.126
67.8292
11.7838
-82.2615
120.693
-116.352
73.6027
-9.44247
-53.4876
96.467
-111.578
102.377
-78.6682
49.2866
-17.7588
-16.8041
55.1507
-93.8947
125.06
-139.984
134.971
-112.075
74.8801
-27.165
-24.2104
68.7441
-96.3011
100.654
-80.3912
40.5636
6.51875
-45.526
65.429
-64.6161
50.3388
-33.7064
23.2483
-19.7967
16.1584
-1.88652
-29.9317
78.023
-133.022
180.934
-208.111
205.844
-172.201
111.754
-34.2905
-47.3356
118.619
-165.426
179.529
-163.516
129.439
-92.6057
64.3495
-47.6952
39.2598
-34.7853
33.1699
-36.8749
48.0803
-63.9645
76.9904
-80.0549
70.9001
-52.1445
28.8112
-6.23352
-11.2785
20.6767
-20.368
11.5873
0.542382
-8.50272
6.4524
7.4079
-31.6365
61.3188
-87.7262
102.229
-101.816
90.1397
-73.9047
60.0504
-54.9945
61.9612
-78.0832
95.8722
-107.172
105.783
-88.2618
54.6934
-10.3514
-34.3961
68.5592
-86.4853
89.4702
-82.5742
71.3813
-59.6635
47.2916
-30.7532
6.20195
27.1574
-65.8866
105.069
-140.976
169.979
-187.065
186.891
-166.154
125.801
-72.2434
16.7125
28.668
-56.3768
64.5787
-54.4652
30.4907
-2.5541
-15.5992
12.3562
15.3122
-59.7319
105.224
-132.821
128.135
-89.9096
30.0459
35.0016
-92.0426
133.913
-159.131
170.824
-175.22
178.736
-185.309
195.647
-207.397
215.559
-213.486
195.47
-159.575
108.381
-49.6628
-2.70709
32.2488
-27.7955
-10.8401
73.1154
-140.929
194.027
-218.017
208.939
-172.105
119.85
-68.1937
30.7619
-13.2826
12.673
-21.3713
32.5845
-41.4593
43.4968
-34.5473
13.4082
15.3639
-41.68
54.2761
-45.768
14.188
37.144
-97.9001
151.056
-179.988
176.968
-145.077
94.8787
-40.1655
-7.20927
41.7471
-63.2968
71.6588
-63.3854
33.5707
19.5272
-89.5165
160.439
-212.605
231.351
-211.693
159.263
-88.7808
19.1752
32.1312
-53.9127
45.0434
-15.0003
-21.0441
48.9119
-60.1322
53.8238
-36.2198
18.7367
-13.307
25.6488
-51.3956
78.5603
-94.4833
91.4733
-69.5701
37.3859
-7.65837
-10.7025
16.2537
-13.7901
11.1662
-13.8774
21.0789
-26.9653
23.9905
-6.05309
-27.0964
68.8601
-110.184
142.772
-160.272
160.685
-146.359
120.598
-86.4461
48.5102
-13.5334
-11.5771
22.3792
-19.6644
10.292
-3.75173
8.20461
-28.839
66.1172
-113.926
160.03
-189.013
186.943
-146.101
67.8556
35.8123
-142.231
222.725
-253.319
226.638
-156.406
70.5508
0.507197
-33.5364
20.4198
28.3761
-88.6672
132.289
-137.754
99.2019
-28.8415
-48.8844
108.072
-131.971
117.985
-75.0587
17.8982
36.8549
-73.1886
79.7681
-54.2754
4.68106
53.6376
-102.406
125.551
-116.493
83.4641
-45.5788
21.3778
-19.666
38.2902
-67.7531
95.2035
-108.84
103.117
-80.9259
51.0307
-24.0128
7.94384
-5.09923
12.8577
-27.1856
44.7712
-63.2719
81.6846
-101.359
124.597
-150.445
173.512
-188.531
194.425
-192.618
183.338
-164.705
134.252
-90.791
35.1657
29.1224
-93.9206
146.037
-172.006
164.95
-128.093
73.8638
-19.1793
-22.2226
45.7343
-55.3086
58.6483
-62.395
68.5619
-74.4811
76.4756
-72.5677
61.3893
-40.6536
9.30325
29.26
-67.7829
99.1746
-119.868
129.088
-125.955
110.002
-84.0405
53.9166
-25.1267
-0.170008
23.7871
-49.2557
77.7014
-105.341
124.616
-127.427
108.529
-68.5136
15.444
37.4016
-76.6415
93.3152
-86.7277
65.2295
-40.8135
22.1437
-11.8988
9.05844
-12.9847
23.9722
-40.0705
55.8869
-65.1562
63.8008
-51.2418
30.7156
-8.32737
-10.3702
23.5873
-33.4556
43.5012
-54.5416
62.4159
-60.6267
45.3303
-18.7127
-10.7553
31.2023
-31.8403
7.11685
40.0741
-96.9685
144.989
-169.054
163.903
-133.14
84.8177
-28.2248
-26.2672
66.6903
-82.3523
69.6049
-34.438
-11.4808
56.4767
-92.5657
117.392
-132.651
140.307
-140.736
132.221
-110.822
73.1359
-20.9061
-37.9485
93.0085
-135.034
156.923
-155.119
132.838
-100.204
69.7537
-52.2887
54.6685
-77.3741
112.584
-145.459
159.498
-143.544
96.4136
-27.6287
-44.671
98.2865
-113.756
81.2013
-4.84093
-96.8831
197.074
-268.968
292.989
-262.053
183.905
-78.1373
-30.1798
116.778
-163.265
160.693
-111.35
28.6081
66.5658
-151.477
206.481
-219.561
190.397
-129.646
55.3117
11.2697
-52.7722
63.1857
-48.8568
24.1007
-3.94178
-2.98401
-3.02621
15.9316
-29.1105
37.8475
-40.1946
37.7631
-33.2792
26.6786
-15.3636
-3.40579
31.552
-68.4901
109.468
-146.574
170.383
-171.659
145.299
-94.7427
32.2151
26.1731
-66.869
83.0886
-75.9535
53.0047
-25.0371
2.9207
5.87856
-0.16331
-16.2052
37.7526
-58.2897
70.6683
-69.3739
53.5839
-26.4578
-6.49917
37.4589
-57.5837
59.3737
-38.6682
-1.70973
49.2484
-85.7938
97.1641
-80.8778
46.0803
-6.96158
-24.0034
38.9547
-35.0874
15.8705
8.82869
-27.2129
30.7454
-15.2965
-19.3385
68.6194
-123.423
172.535
-204.506
208.452
-176.59
108.368
-13.6736
-87.7152
172.243
-221.799
230.159
-202.882
153.076
-97.9658
54.9921
-35.0496
37.909
-53.1326
63.8255
-53.2165
13.7418
47.7002
-112.341
156.617
-160.425
115.533
-30.5086
-70.55
154.409
-189.633
159.325
-68.7167
-56.7583
181.2
-270.842
305.116
-282.925
221.033
-145.009
78.9497
-39.0916
29.8671
-43.1747
64.7833
-83.2586
92.6998
-90.3415
76.617
-57.4247
41.5339
-34.5072
36.4514
-43.5904
50.368
-51.6733
45.285
-33.7569
24.2018
-25.839
46.1197
-85.9224
136.035
-178.006
190.953
-162.088
93.8705
-3.17093
-85.2125
147.746
-171.295
157.663
-121.379
82.5797
-58.4611
56.498
-72.5435
94.4145
-107.627
101.332
-72.7093
27.2491
23.2077
-62.8333
76.1257
-53.9158
-0.95766
72.0009
-136.04
174.919
-181.122
155.836
-106.205
43.7535
17.7126
-65.3284
90.6303
-90.4112
65.5474
-21.4938
-30.5349
75.4238
-99.6175
96.3413
-66.7
18.2586
36.2173
-81.8238
108.135
-114.906
111.053
-107.988
112.971
-125.07
134.889
-130.152
102.806
-51.2349
-20.2761
101.683
-178.358
234.601
-258.44
244.518
-194.523
118.436
-34.605
-36.6458
82.3131
-100.728
99.2305
-88.8108
78.1483
-70.8922
67.067
-63.9743
55.9843
-37.0564
4.90301
37.862
-85.1793
127.78
-153.261
149.698
-111.343
41.6161
47.5753
-137.466
205.493
-231.548
204.411
-125.63
11.329
110.288
-208.752
263.207
-267.833
231.125
-172.916
118.043
-85.9977
81.9617
-96.0789
110.88
-110.161
84.7983
-35.2424
-29.2829
94.6765
-147.364
178.595
-186.446
175.512
-153.529
126.431
-95.6095
59.3498
-17.6914
-23.732
56.2277
-73.813
75.1457
-62.8955
44.0641
-28.9762
26.9834
-41.0574
64.9019
-86.1385
93.8211
-83.2197
56.7392
-24.3017
0.657692
2.61713
16.5764
-52.4643
96.4954
-139.545
171.415
-181.627
162.332
-110.708
31.2517
61.2112
-142.83
190.13
-190.911
148.048
-76.9918
-0.0320581
62.9275
-101.113
113.847
-106.194
86.7649
-67.2756
59.6842
-70.3561
96.6035
-129.437
158.522
-174.519
170.441
-143.599
96.3603
-35.6806
-27.721
80.2392
-107.801
102.159
-66.8821
16.0775
33.0371
-67.0035
78.9561
-69.0839
43.876
-13.1645
-13.2051
27.7544
-28.2859
19.6738
-12.3666
18.593
-46.4474
93.5123
-146.528
188.432
-205.608
192.351
-152.689
97.2705
-37.7693
-15.8093
55.1498
-74.891
75.0691
-60.9705
39.9888
-19.0523
3.90774
1.86867
2.82879
-18.2123
42.7469
-69.2927
84.6677
-75.3729
35.5863
27.5463
-94.4936
140.466
-146.574
109.386
-42.6535
-29.694
83.2652
-100.775
77.1851
-21.8548
-43.8948
95.0652
-113.975
95.9848
-48.055
-14.095
68.8646
-96.176
87.7841
-51.2554
4.70499
31.6647
-43.3761
26.5835
12.544
-60.4953
98.4646
-107.576
77.3845
-11.6551
-72.6953
152.264
-205.775
221.185
-198.855
150.105
-91.9353
40.0248
-3.01519
-19.0554
30.9048
-36.1346
34.8257
-25.2146
6.74546
17.7057
-42.3343
60.6254
-67.4143
61.5465
-47.4933
32.4664
-21.574
16.3862
-15.6535
15.3068
-10.7329
1.22732
9.18753
-15.8522
18.108
-19.932
26.0281
-38.0115
54.949
-76.0908
100.869
-127.171
151.79
-171.25
180.71
-174.33
148.63
-105.41
51.5509
4.51151
-56.528
100.432
-131.608
144.353
-135.687
109.274
-74.7659
43.1944
-21.8453
12.1149
-10.9248
13.0355
-14.0041
12.9563
-11.0832
7.87735
-1.16216
-10.202
24.7582
-38.2813
45.6796
-44.3599
35.6002
-23.4396
12.5207
-5.51875
2.44178
-2.59773
6.36256
-14.6772
26.2835
-35.7553
36.2056
-23.8342
-0.874235
34.0861
-69.9532
103.007
-129.032
143.928
-144.111
127.85
-96.1895
54.7709
-14.2687
-14.3081
26.6523
-27.3872
25.5737
-28.4653
38.4954
-54.5445
74.4159
-94.6234
109.337
-112.702
102.258
-79.781
51.1801
-25.8593
13.1011
-16.9385
33.0223
-50.017
55.9437
-44.0956
14.8652
23.8258
-58.2134
74.7475
-66.2919
34.6685
9.629
-51.41
78.551
-87.4883
81.4722
-64.567
38.3939
-4.64522
-31.6845
63.2764
-83.7625
90.1983
-82.8412
63.1195
-32.9194
-4.95842
46.0022
-83.037
106.924
-110.115
91.846
-60.1933
27.7674
-5.27198
-2.31121
-3.35007
15.6112
-26.4278
29.5327
-22.5066
7.45463
11.4158
-31.6234
53.3374
-76.7016
99.2593
-115.78
119.181
-102.858
64.1032
-5.93612
-62.9752
129.986
-181.053
202.908
-186.131
129.83
-45.2092
-45.2482
114.713
-143.326
126.635
-75.4038
10.557
42.5179
-62.5209
42.4403
6.40134
-60.6376
97.3236
-104.715
86.246
-57.7928
40.168
-49.8712
92.0899
-157.949
227.013
-275.026
283.935
-249.104
178.857
-88.1815
-6.22045
88.7406
-148.298
179.663
-182.376
160.585
-121.453
71.508
-16.5311
-35.5699
75.3917
-96.6469
99.3143
-87.7245
66.2369
-37.802
5.15883
28.1199
-56.9187
75.043
-76.9956
59.9656
-26.0732
-17.1115
59.8502
-94.1885
114.772
-118.267
104.695
-78.3439
44.6177
-6.4208
-34.4593
72.5021
-96.5371
94.4238
-60.6146
0.34722
71.3085
-134.73
173.231
-178.807
154.154
-110.885
64.0766
-25.9615
3.00012
2.96128
6.92248
-27.116
45.8456
-48.1928
22.7688
33.7305
-115.308
207.654
-291.385
346.576
-358.462
323.499
-250.54
156.422
-61.6161
-13.6543
55.3073
-60.7313
39.2303
-6.80822
-20.8466
32.1151
-20.9233
-10.9617
54
-95.0382
121.923
-127.116
109.846
-76.1922
37.7695
-8.26906
-2.30732
-7.34549
28.616
-46.4227
46.539
-23.499
-15.5372
53.4244
-71.6141
60.3475
-23.6908
-23.729
65.2329
-89.8053
94.1562
-79.8823
51.0797
-13.9582
-23.9965
54.9651
-72.0731
72.8888
-62.1495
49.8122
-45.2259
51.7358
-66.3026
82.6595
-93.3783
91.5835
-74.4549
45.5069
-12.5313
-16.5697
37.3921
-50.6457
60.3164
-70.7221
85.2394
-104.799
125.163
-136.875
130.087
-99.9511
48.0109
18.9727
-90.0655
151.896
-192.142
202.82
-182.218
135.744
-74.2937
10.6681
43.6299
-81.4081
101.554
-107.484
104.478
-98.5602
95.4019
-98.6357
108.327
-119.711
124.25
-113.788
85.174
-42.864
-1.90189
35.0605
-44.9771
27.9851
7.94715
-46.091
69.8708
-69.1671
40.7951
10.7572
-72.2808
125.681
-155.356
154.606
-127.432
84.5295
-38.5082
1.45407
18.4163
-19.6215
6.34083
13.3031
-28.7348
31.2272
-17.8107
-8.84838
42.1138
-72.9242
93.0379
-99.9998
98.9627
-98.0749
102.887
-115.151
132.811
-149.227
155.736
-147.302
124.66
-91.377
51.5855
-10.4522
-26.4902
55.4718
-74.5659
82.3964
-78.6414
64.321
-39.7165
4.24567
40.2077
-87.8299
131.133
-162.905
176.057
-163.98
122.982
-56.0554
-24.0932
96.8691
-142.168
149.794
-123.243
76.7192
-28.3187
-6.35662
18.606
-9.43123
-12.4687
37.4934
-59.5442
75.4186
-83.6186
85.3439
-85.694
92.2683
-110.769
139.194
-165.844
176.118
-162.919
130.044
-86.9938
42.9687
-5.06894
-21.1067
31.8558
-28.1813
17.7813
-11.2566
14.7057
-26.3314
39.6315
-48.4058
48.5566
-37.4809
14.4817
18.4443
-57.5931
98.3694
-133.668
153.294
-148.743
120.22
-78.8172
41.1456
-19.8917
17.0707
-23.9669
25.9957
-10.0414
-28.0783
80.8846
-133.153
168.809
-176.228
150.735
-97.3017
32.6609
19.6232
-41.4143
30.5484
-1.48882
-23.526
26.4371
-1.60013
-42.6376
87.3251
-110.712
99.2508
-54.7864
-6.82355
63.1394
-93.8976
88.0651
-47.9722
-12.0094
71.9535
-113.084
123.879
-105.158
69.805
-36.2321
18.7307
-20.3063
33.6567
-48.3806
56.5819
-54.4554
42.5079
-25.5289
11.4337
-7.60384
17.3592
-39.6776
70.2854
-102.752
129.211
-140.825
130.137
-94.8998
40.0631
24.026
-86.0111
136.952
-170.085
178.878
-158.159
107.803
-35.2335
-44.2701
111.693
-152.344
160.619
-138.418
92.5451
-34.492
-21.5291
64.4342
-90.6025
102.361
-102.676
92.2867
-71.7501
43.213
-8.82398
-29.8608
69.1024
-101.935
122.029
-127.008
117.955
-99.0819
77.8813
-62.1553
55.8077
-58.2295
66.7334
-78.3032
89.6604
-96.3764
92.5866
-73.4502
39.513
1.47618
-37.5606
57.4027
-54.6342
31.329
2.29219
-32.7446
49.2187
-47.8179
33.1455
-16.8912
13.072
-30.9647
68.9986
-114.038
147.925
-156.112
132.852
-83.185
21.7783
32.7414
-66.2952
75.6684
-67.3679
50.5952
-32.4418
17.5215
-7.51485
0.448609
7.41178
-18.6249
34.3387
-55.6976
82.2658
-108.771
126.192
-126.844
108.119
-72.9174
28.046
18.0096
-57.0268
81.9364
-87.1005
69.863
-33.1733
-13.2098
54.7537
-78.2829
78.6806
-59.3559
27.6076
7.57088
-35.4658
47.4979
-42.5382
26.4255
-7.61098
-5.6477
6.3157
10.2793
-43.757
87.2064
-129.83
160.134
-167.903
148.061
-104.976
51.9876
-6.04853
-19.0846
18.8789
-0.157774
-22.1943
31.7695
-18.2667
-17.3032
63.6604
-105.376
129.588
-130.449
110.515
-78.5214
45.4425
-21.5935
14.3702
-25.6666
50.2966
-77.7396
96.2247
-96.8113
76.1524
-35.8838
-19.92
85.0435
-148.993
196.971
-216.066
203.898
-171.138
135.826
-114.21
112.754
-125.283
137.681
-136.355
114.608
-75.4277
30.5363
4.49994
-16.5364
-0.572473
44.3916
-104.644
164.32
-202.716
203.247
-161.789
88.1744
-0.861416
-78.8971
132.067
-147.969
126.994
-77.0422
9.92182
58.8861
-111.15
130.814
-111.223
58.7413
10.7058
-78.3297
128.634
-154.402
157.561
-145.475
127.489
-112.547
105.417
-104.618
105.346
-103.69
98.2736
-89.7627
79.2012
-65.8346
46.1296
-15.9063
-24.9423
69.0217
-103.014
113.95
-96.0859
53.8783
0.842046
-54.1941
92.7703
-104.265
80.6986
-23.3375
-55.3734
135.591
-197.445
227.519
-222.517
189.447
-142.588
99.3757
-75.6603
80.3036
-111.732
159.232
-207.803
242.161
-248.875
220.089
-158.947
81.0171
-8.01879
-41.0543
54.91
-32.126
-17.1619
72.8026
-112.233
120.731
-96.3048
47.6596
9.62392
-57.4118
80.5528
-72.4827
38.4813
7.44511
-50.5905
80.3742
-89.6614
74.3027
-35.7329
-17.7684
74.1957
-120.84
145.124
-137.911
99.0533
-38.9826
-25.0186
73.9459
-92.0895
72.8749
-23.161
-39.1967
93.7678
-124.268
120.697
-80.3388
9.62568
74.5901
-148.446
189.518
-184.517
132.447
-43.5878
-63.6235
165.341
-235.695
253.27
-208.766
109.199
23.1637
-155.871
255.093
-296.943
275.022
-201.014
100.951
-6.08482
-60.1201
89.8448
-89.1906
70.7738
-47.2619
28.7027
-20.3328
19.6315
-17.404
4.56095
21.5259
-55.5095
86.455
-102.581
95.384
-61.6514
4.31314
68.2776
-143.758
207.207
-244.828
249.136
-220.9
167.065
-98.9702
30.9948
22.9598
-53.0753
55.8891
-36.1468
5.81767
21.7827
-38.2524
41.7122
-35.323
24.642
-14.3935
7.57082
-6.46458
12.5004
-24.5345
37.4304
-43.6048
37.3599
-18.6755
-6.71073
31.2542
-48.781
54.1836
-43.8516
19.1134
11.0786
-31.9565
29.0082
4.97281
-66.0624
139.903
-205.133
239.832
-230.203
175.761
-88.2739
-12.3087
102.657
-162.378
180.586
-158.449
107.516
-46.5191
-4.55457
31.4102
-27.6248
-6.65972
64.3055
-129.729
181.235
-198.8
173.165
-109.87
27.095
49.0598
-91.9751
84.99
-29.0453
-57.0805
142.885
-197.15
200.815
-155.221
80.7449
-6.28976
-43.325
54.6397
-27.3953
-25.4299
80.5353
-113.5
109.466
-68.5691
5.39576
57.3605
-97.6746
100.29
-60.7444
-11.7792
96.1861
-166.849
202.116
-190.919
137.047
-57.9884
-22.0234
79.9417
-101.093
83.8724
-39.1624
-13.1975
49.7673
-51.2675
9.69804
67.6636
-159.371
237.593
-278.442
269.524
-213.511
127.454
-37.5806
-29.6155
57.3499
-44.6848
5.28015
40.2453
-73.7891
86.1763
-78.8588
61.1062
-43.9282
35.0374
-36.9975
45.9676
-52.0669
44.8987
-20.136
-18.1708
58.7945
-87.2401
90.7252
-62.3095
5.656
62.6213
-119.414
146.552
-137.483
97.4821
-40.5525
-16.5869
61.3787
-87.6559
93.3092
-78.7256
47.2399
-5.79439
-35.8287
68.1369
-84.8976
84.0675
-67.9675
42.9977
-18.0366
0.929316
4.89492
-1.13987
-6.17461
8.79096
-1.24342
-14.2781
29.687
-38.3475
39.6183
-37.416
37.5493
-46.4853
68.4803
-100.554
131.411
-147.624
141.342
-113.692
73.2734
-30.7612
-6.79561
37.17
-59.8645
74.1011
-79.9332
79.0324
-74.0021
66.9633
-58.071
46.8949
-35.1394
24.826
-14.2086
-1.24294
23.7228
-50.3117
73.6539
-84.3801
75.586
-46.4483
2.51707
45.4826
-84.5517
103.414
-95.6199
62.346
-12.6886
-40.7236
86.2418
-113.792
115.174
-88.86
45.1055
-2.92894
-20.9634
22.0021
-8.03211
-8.0659
15.9001
-12.1344
0.830828
11.7965
-23.2373
34.7288
-48.3054
65.6601
-86.3744
104.591
-109.443
91.5235
-50.5106
-2.54509
50.4205
-78.6134
81.3528
-61.6813
28.2843
7.25005
-32.7839
39.182
-23.8521
-7.88619
44.08
-69.954
74.0116
-53.0229
11.943
38.9091
-86.1248
115.841
-118.193
92.7732
-50.2606
7.70499
18.6704
-20.3636
0.602909
28.5689
-53.4655
63.5004
-52.5334
19.4324
31.3982
-89.6357
140.331
-169.704
172.262
-151.772
116.194
-72.8401
27.1258
16.0921
-51.9417
77.0243
-91.0097
96.9565
-99.0773
98.8886
-94.1455
80.8207
-55.2131
16.753
28.719
-69.3146
92.6517
-92.3822
70.5837
-35.4503
-2.484
32.4823
-44.5515
32.4148
3.38086
-56.6531
118.313
-176.721
218.245
-230.789
208.177
-152.857
76.1095
4.07596
-66.9577
96.0084
-87.0256
49.9406
-2.09311
-40.127
65.8392
-70.1944
52.772
-17.2619
-27.2957
67.6707
-91.3628
91.6033
-69.431
33.5352
2.50204
-26.5313
33.4348
-24.5993
3.36703
27.3337
-63.7
99.2658
-125.768
137.198
-133.835
122.131
-109.903
101.064
-94.9697
89.9966
-86.0373
82.929
-78.1042
67.8628
-51.1706
31.7956
-16.2381
8.72817
-8.30579
9.66028
-5.37324
-9.40649
31.5601
-51.4737
61.4925
-62.541
63.4255
-74.6081
101.358
-140.675
183.292
-217.742
233.225
-222.809
188.157
-140.877
97.0904
-69.9427
65.0235
-79.0105
101.956
-122.077
128.89
-114.144
73.8223
-12.2108
-56.2442
111.722
-137.311
124.656
-76.3779
6.58828
62.5549
-108.478
116.489
-85.5452
28.421
34.3876
-83.6456
108.321
-106.712
84.2546
-51.7786
22.1878
-4.84592
2.12066
-10.9126
26.0542
-40.9792
46.9875
-36.0459
5.92071
37.8875
-84.1456
119.821
-135.213
127.754
-101.279
62.6878
-20.3455
-16.3791
38.5876
-39.4452
15.5216
31.4879
-92.5457
150.421
-183.611
174.356
-116.678
21.2885
86.2552
-175.778
225.189
-226.844
186.123
-117.911
44.0562
11.0231
-28.01
-0.0431546
64.9236
-146.11
217.857
-258.176
256.791
-218.242
157.725
-92.3082
33.6586
13.6253
-48.4078
68.559
-70.4743
52.4924
-18.5405
-20.5733
49.3936
-53.6396
26.3272
29.2943
-99.7388
164.228
-200.805
193.162
-135.871
37.0957
82.0626
-192.97
268.997
-294.036
265.931
-196.102
106.865
-24.1682
-32.2012
53.7657
-43.2673
12.6996
20.6666
-39.3664
30.6007
9.5678
-74.4652
147.502
-205.531
227.436
-204.597
145.37
-71.663
10.3041
18.2712
-8.76189
-28.795
76.1719
-114.861
132.107
-124.926
100.041
-69.992
46.9755
-36.0571
32.9101
-29.1232
19.8435
-6.18954
-8.22205
21.7457
-36.2869
54.6799
-76.3535
96.6136
-110.419
115.549
-112.484
103.483
-92.5497
84.4178
-81.6152
83.3517
-87.6813
92.2858
-93.7468
89.2207
-77.8118
59.1552
-32.8777
0.0897291
36.0572
-70.9757
97.9915
-108.041
92.9263
-50.1066
-15.1396
91.8277
-167.205
228.763
-265.27
268.697
-236.336
173.632
-95.4008
20.5665
36.534
-69.4989
77.4679
-64.5648
41.4031
-21.6292
14.3379
-20.695
36.2728
-53.7594
65.2077
-64.8251
50.1426
-21.8897
-14.9225
50.0446
-70.9881
68.9794
-43.0531
-0.0854521
49.8821
-96.1507
130.817
-148.216
145.752
-124.28
87.687
-43.3458
2.62154
21.5889
-19.4436
-11.4759
63.4919
-120.541
164.427
-181.606
167.361
-126.671
72.2966
-20.7358
-12.7681
18.1996
6.16703
-50.8655
96.1021
-119.93
108.038
-57.9947
-20.0275
103.94
-165.093
178.875
-136.157
49.8104
48.7782
-123.254
147.713
-115.32
39.6484
49.6165
-117.416
137.551
-103.481
30.4866
51.4545
-110.578
126.39
-96.6426
35.3253
34.2929
-86.7396
102.228
-74.8041
15.1636
54.1312
-107.901
128.067
-108.966
57.0022
11.9698
-78.0626
125.905
-150.126
153.841
-143.191
122.777
-94.2551
57.7125
-15.3202
-25.3525
52.6155
-55.4167
27.5509
29.5188
-105.513
183.455
-244.577
273.391
-261.642
211.326
-135.706
55.2617
11.2296
-53.8027
72.1651
-72.8668
65.1012
-55.931
48.0369
-40.9951
33.9729
-28.0593
25.9084
-29.1239
36.8439
-46.1881
53.7802
-57.2516
55.7161
-50.3161
43.6518
-37.3803
31.5874
-26.4448
23.5233
-25.5085
34.4595
-49.5725
65.3958
-72.6359
63.3318
-36.7007
0.267199
33.2355
-50.7964
45.1716
-18.8607
-17.8928
53.0753
-76.9564
84.0119
-75.0201
56.9477
-40.0842
34.8841
-48.148
78.8197
-118.212
155.756
-183.276
194.692
-186.34
159.628
-121.403
81.565
-51.4668
41.5012
-55.531
86.437
-118.595
135.374
-125.658
87.3097
-26.722
-44.7536
114.215
-169.817
203.151
-210.881
196.087
-167.945
137.023
-109.009
82.9595
-55.0724
23.896
6.86459
-29.1671
34.801
-20.2308
-11.2626
50.7057
-87.3261
112.642
-121.39
110.579
-79.4533
30.5147
29.4832
-89.5483
136.42
-158.612
150.357
-113.675
58.2932
1.26092
-50.7708
81.198
-90.8331
84.1351
-69.897
59.0712
-58.9603
67.0082
-72.0234
61.9449
-31.0867
-17.1184
72.8496
-125.182
164.787
-184.244
179.724
-153.308
112.661
-68.3709
30.5975
-6.43435
-0.466191
-10.4979
36.4707
-70.5607
102.408
-120.624
115.345
-80.6871
19.2815
54.2502
-117.781
153.187
-154.845
129.123
-88.9079
48.061
-16.9703
-0.00173024
4.96664
-5.06509
9.90329
-28.1282
61.8404
-103.191
138.778
-156.254
146.714
-106.317
39.6518
38.6207
-106.411
141.557
-132.474
85.4947
-21.5364
-35.5678
69.4004
-74.6314
55.337
-21.694
-12.725
34.2437
-32.7879
4.18059
48.1491
-112.882
174.086
-215.945
227.024
-204.007
152.961
-87.0703
21.898
29.8664
-61.1647
70.8044
-63.2268
46.7416
-29.2897
14.6793
-2.35182
-9.38333
19.5853
-24.4459
20.523
-6.5084
-17.5399
49.4289
-82.6021
106.367
-109.665
86.3039
-38.7272
-20.758
72.2109
-95.8205
82.1478
-36.8836
-22.9145
76.0548
-103.976
97.9927
-64.0386
18.93
19.8987
-43.1326
51.8364
-53.1946
53.7742
-56.257
60.7118
-65.3196
65.6491
-57.3819
40.5871
-19.4441
-0.475131
13.494
-15.5371
6.4313
9.39981
-24.6312
33.3382
-34.6925
32.2762
-30.7553
34.2135
-46.8173
72.1518
-109.88
153.089
-189.942
209.028
-203.003
168.966
-110.066
36.9031
35.8723
-95.1584
132.811
-146.22
137.749
-113.282
78.6863
-37.3448
-8.37522
55.5943
-101.437
142.532
-173.499
187.47
-179.561
151.408
-112.623
76.3457
-51.6853
40.2841
-39.7466
47.2226
-58.8084
69.1606
-72.8704
65.0984
-42.9325
8.03697
32.0062
-65.0249
78.944
-68.0867
35.8826
7.8516
-51.1796
82.7894
-94.2412
83.7281
-59.303
36.6659
-31.3649
50.6045
-89.4264
133.543
-166.488
175.481
-155.549
112.42
-59.6107
11.3585
21.3276
-31.7034
19.2659
9.2354
-42.7953
70.1739
-81.857
72.1123
-41.9183
0.0510515
40.0204
-67.0103
76.9588
-72.072
55.8973
-30.1334
-4.1641
43.8054
-84.2252
122.744
-159.287
193.683
-223.348
243.621
-249.41
237.559
-209.471
171.499
-132.532
100.437
-79.5933
70.3763
-69.6546
72.3141
-72.7167
65.2532
-46.777
20.1921
6.1612
-23.8694
30.1001
-29.9306
34.0387
-52.9916
90.978
-143.053
197.917
-242.114
262.856
-252.175
211.794
-153.236
91.7338
-39.2966
1.67253
21.642
-35.3883
43.5811
-45.4499
37.5197
-18.5103
-9.54056
43.4286
-79.6021
113.367
-139.663
155.306
-159.724
154.245
-141.785
126.185
-110.846
98.1239
-89.9064
88.0631
-92.9673
101.003
-105.028
97.9414
-75.0894
34.8805
19.8504
-80.1804
132.789
-166.241
176.729
-167.301
142.668
-107.363
68.6067
-37.4235
24.5461
-33.4843
56.4856
-78.5446
86.4252
-75.605
52.3645
-29.6661
18.3033
-20.7268
31.2433
-38.7869
31.1826
-1.84779
-45.8782
100.091
-144.939
167.031
-160.999
129.971
-83.0596
33.9101
1.87988
-12.1504
-6.18094
43.7886
-81.2416
97.7281
-80.3022
28.6678
44.638
-119.392
176.577
-204.453
199.517
-166.513
118.457
-72.5738
42.3963
-32.6336
39.3361
-52.6943
62.2758
-62.7541
55.2155
-44.8148
38.1552
-40.8748
55.095
-76.9352
96.0345
-98.9959
74.9738
-20.0559
-61.0855
155.885
-245.146
305.824
-319.206
280.763
-202.267
105.703
-15.3263
-49.356
79.6136
-80.4168
67.5531
-59.4768
67.4932
-90.5369
118.433
-138.597
140.373
-117.657
70.3129
-3.71748
-71.7475
141.223
-188.807
203.163
-181.867
133.103
-72.9269
18.0433
21.0133
-43.0166
54.9537
-66.076
80.8939
-97.1366
108.833
-110.197
98.7736
-78.2563
58.7135
-52.3165
66.6537
-100.376
143.594
-180.435
192.535
-165.495
96.4745
2.44467
-107.585
192.385
-237.645
238.325
-204.704
158.266
-122.764
114.206
-134.824
172.147
-203.883
209.087
-178.943
119.027
-44.0027
-30.0329
91.9375
-137.092
164.878
-177.152
177.819
-170.211
154.759
-130.271
95.6993
-50.3301
-5.36019
67.6096
-127.42
171.551
-188.479
174.491
-134.539
80.4316
-28.5982
-4.6281
9.34213
14.3125
-57.717
108.254
-152.776
179.194
-178.836
150.135
-99.8945
41.0758
11.0459
-42.9838
45.9866
-18.0431
-34.0728
94.8975
-145.132
168.838
-159.192
121.779
-73.2506
33.7199
-17.3095
26.661
-53.3689
83.601
-105.428
112.542
-102.487
74.4829
-31.5466
-17.5757
61.395
-89.6349
95.3352
-76.6944
38.2762
9.24662
-50.7832
70.1871
-55.8423
8.12846
57.099
-115.931
150.04
-153.99
131.981
-91.049
37.9216
20.8925
-79.1366
130.834
-170.196
192.774
-197.255
186.716
-167.314
143.657
-116.373
85.5978
-54.4314
26.5392
-1.49054
-25.5201
58.4505
-94.5787
124.392
-137.638
129.333
-101.696
62.2744
-19.7553
-18.7848
47.1863
-59.8427
55.1276
-38.9022
22.0685
-12.9607
12.0099
-14.0197
13.951
-9.07805
-2.10729
19.8632
-42.1662
65.8045
-88.2248
106.746
-117.283
115.688
-100.341
73.6289
-41.4006
10.5702
13.5412
-28.4879
34.4828
-32.5466
22.424
-2.60546
-27.6347
65.3364
-102.693
130.278
-141.752
135.219
-112.81
81.1609
-49.8681
26.1029
-9.92633
-3.95579
19.0147
-32.0145
35.9563
-27.073
6.89777
20.8687
-51.1604
76.8105
-91.2184
91.7524
-80.2771
61.6936
-42.3353
27.6357
-18.3936
9.57729
5.54854
-30.4805
64.4898
-103.54
139.431
-159.597
152.374
-115.656
60.3152
-3.71397
-40.743
68.2282
-79.8005
79.1703
-71.8591
63.1118
-54.9171
46.0537
-33.9754
15.9959
8.96705
-38.0625
64.9081
-83.1205
89.8511
-87.1779
79.7927
-70.2363
57.735
-42.294
27.6767
-19.3525
20.6185
-31.4104
49.5608
-71.4683
92.5023
-107.527
110.444
-95.5841
62.3871
-17.6421
-27.6711
62.3003
-77.7286
71.2421
-46.787
13.1846
18.1561
-35.8733
33.0973
-11.9313
-16.9595
40.0116
-47.018
34.9527
-8.07617
-26.1048
60.8665
-90.1624
107.809
-110.22
99.7511
-84.2776
73.6933
-75.3357
89.6355
-109.393
123.578
-121.451
95.5208
-44.5081
-24.537
96.4343
-151.594
172.377
-149.652
88.3188
-8.7098
-60.7385
97.2328
-93.7961
60.1749
-16.8539
-13.8824
17.089
8.06021
-47.9687
83.0025
-99.0262
93.9451
-77.0836
63.8879
-69.1409
100.83
-155.199
215.772
-259.256
264.715
-221.313
133.658
-22.3704
-83.3992
157.572
-184.457
160.515
-94.5138
5.45739
83.4287
-151.6
185.372
-179.657
139.314
-78.7141
16.2574
33.2285
-61.8005
67.1708
-51.8576
24.114
3.08551
-16.9431
11.0281
11.9995
-43.029
70.9423
-87.0863
89.8852
-85.1431
79.8284
-76.2005
72.7706
-68.2581
62.7136
-57.3146
54.6569
-58.3717
71.5997
-93.4287
115.543
-124.485
108.486
-63.5425
-3.57096
77.4006
-140.628
180.343
-190.685
172.287
-130.742
76.2295
-21.7989
-20.8269
44.1449
-46.8837
36.0875
-23.9412
19.0306
-20.9974
22.9742
-17.0546
-1.08325
28.8883
-57.1401
73.8315
-68.1969
34.7747
21.7461
-85.2823
133.69
-148.339
123.633
-70.396
10.576
32.5479
-44.4807
25.4905
11.4622
-47.5658
65.4058
-55.6228
20.3489
28.3208
-72.7074
95.2643
-85.764
47.2076
4.17889
-45.8498
59.1221
-36.9058
-13.9336
75.0384
-123.99
143.981
-129.047
82.9251
-16.1027
-56.1309
116.84
-152.188
154.784
-125.244
72.7277
-13.3007
-34.3289
54.643
-41.3853
0.586217
52.5577
-101.471
135.501
-151.526
150.446
-134.583
107.389
-72.6394
34.3325
2.30414
-32.7243
56.2475
-74.7802
90.1919
-104.836
121.135
-138.893
154.079
-159.949
150.023
-122.006
79.9662
-33.0618
-7.08984
28.8821
-25.1458
-2.174
42.7975
-83.2307
109.742
-109.286
73.6856
-6.34281
-76.3709
152.601
-204.427
221.545
-200.483
144.489
-63.5394
-28.5672
118.405
-195.623
253.349
-286.679
291.293
-264.736
210.236
-138.791
66.1812
-7.84654
-24.8746
28.0973
-7.93071
-20.9588
42.0132
-45.0145
28.9579
0.929896
-36.0983
66.8736
-86.1542
92.8179
-92.2103
92.7616
-101.266
119.706
-143.322
161.65
-163.378
140.594
-91.4339
23.5381
45.5101
-95.5176
114.455
-104.572
80.3992
-59.6292
52.343
-56.6846
63.2872
-62.7411
50.2311
-26.7963
-1.82381
29.1485
-51.8793
70.0928
-84.9355
96.0363
-99.9912
91.9814
-70.0465
38.9252
-10.1028
-3.13026
-8.15777
44.8145
-98.2134
152.759
-193.269
211.703
-208.324
188.648
-159.38
126.592
-96.4355
73.5369
-56.4907
37.4814
-8.54666
-31.5743
75.3985
-109.629
121.343
-104.685
64.2872
-13.7403
-29.768
52.2043
-47.823
20.1496
21.1216
-63.9067
96.0657
-107.961
96.0113
-64.0166
19.9555
28.928
-78.0995
123.873
-162.155
189.817
-204.21
200.762
-174.266
123.707
-55.3212
-18.3487
81.6239
-119.404
122.569
-93.4591
45.5133
2.48561
-32.5421
33.4303
-5.59712
-38.6246
80.3477
-102.68
98.2926
-70.735
29.2373
16.2099
-55.8172
80.1556
-81.8719
58.1007
-11.9269
-47.9548
109.017
-158.01
184.962
-186.065
163.908
-126.12
83.8527
-49.1747
30.7979
-30.2296
40.7428
-50.2846
47.6881
-27.3393
-10.3666
58.606
-104.422
134.551
-142.477
129.496
-101.532
66.4408
-32.5863
8.38655
-1.64121
16.3309
-48.6964
87.2764
-117.751
129.222
-117.806
86.1671
-40.8606
-10.8882
63.0846
-109.943
144.03
-156.997
143.975
-108.052
59.9206
-14.1072
-15.1347
18.8379
2.81077
-41.2161
82.7568
-112.271
117.702
-94.3255
45.6472
17.6198
-80.4075
129.566
-159.461
171.511
-169.516
157.456
-140.571
124.402
-111.625
101.347
-91.6796
82.2934
-74.734
71.2384
-72.7889
77.184
-79.843
77.1299
-67.8972
52.0757
-29.9515
4.02112
19.9934
-35.034
34.9392
-17.0874
-14.1147
47.8576
-73.1697
83.8032
-78.224
59.7487
-37.2784
20.6946
-13.3326
10.6402
-6.38675
-1.41384
10.5589
-17.4683
19.5045
-17.5225
15.4506
-15.5764
16.396
-15.6315
12.3418
-5.68489
-5.71205
21.2605
-35.7666
41.2066
-30.8203
1.1528
46.1261
-101.901
152.071
-184.956
196.017
-188.01
169.963
-154.064
149.909
-160.117
179.855
-199.172
206.801
-194.226
158.747
